0.005906
0.000000
0.002383
0.000000
0.001788
0.000000
0.000000
0.004413
0.000000
0.000000
0.001879
0.000000
0.003212
0.000000
0.001406
0.000000
0.000000
0.000000
0.002961
0.000000
0.003658
0.000000
0.001551
0.000000
0.000000
0.000000
0.002148
0.001548
0.001793
0.002961
0.000000
0.000000
0.002158
0.000000
0.000000
0.000000
0.001418
0.000000
0.001046
0.000000
0.000000
0.000000
0.003486
0.000000
0.000000
0.002808
0.000000
0.000000
0.000000
0.000000
0.003292
0.002391
0.001686
0.000000
0.000000
0.001715
0.000000
0.000000
0.003653
0.000000
0.000000
0.000000
0.002252
0.000000
0.000000
0.000000
0.001579
0.000000
0.002293
0.000000
0.000000
0.000000
0.000000
0.002755
0.000000
0.000000
0.001518
0.003367
0.003456
0.000000
0.000000
0.000000
0.000000
0.001671
0.000000
0.000000
0.000000
0.000000
0.000000
0.000000
0.000000
0.000000
0.000000
0.001035
0.000000
0.000000
0.001179
0.000000
0.000000
0.006711
0.000000
0.000000
0.000000
0.000000
0.000000
0.000000
0.000000
0.002248
0.000000
0.000000
0.001074
0.002754
0.002099
0.000000
0.006078
0.005527
0.002156
0.000000
0.000000
0.002957
0.000000
0.002092
0.003137
0.000000
0.000000
0.004007
0.000000
0.000000
0.000000
0.003407
0.001723
0.000000
0.003671
0.000000
0.005103
0.001689
0.000000
0.000000
0.000000
0.000000
0.000000
0.003859
0.002580
0.000000
0.000000
0.000000
0.000000
0.001344
0.000000
0.000000
0.000000
0.000000
0.000000
0.000000
0.000000
0.000000
0.000000
0.002371
0.000000
0.000000
0.000000
0.000000
0.000000
0.003433
0.000000
0.000000
0.000000
0.000000
0.000000
0.000000
0.000000
0.002340
0.000000
0.000000
0.001616
0.000000
0.000000
0.000000
0.000000
0.000000
0.000000
0.000000
0.001861
0.000000
0.000000
0.000000
0.000000
0.001396
0.000000
0.000000
0.000000
0.000000
0.000000
0.000000
0.000000
0.005716
0.002920
0.001584
0.000000
0.000000
0.002200
0.000000
0.003288
0.000000
0.000000
0.001390
0.000000
0.000000
0.000000
0.000000
0.000000
0.000000
0.000000
0.000000
0.000000
0.000000
0.001384
0.000000
0.000000
0.000000
0.000000
0.001955
0.000000
0.000000
0.002502
0.000000
0.000000
0.001921
0.002042
0.000000
0.000000
0.002581
0.000000
0.000000
0.000000
0.001994
0.006937
0.000000
0.000000
0.004825
0.002494
0.000000
0.001350
0.000000
0.000000
0.000000
0.002217
0.000000
0.000000
0.001403
0.000000
0.000000
0.000000
0.000000
0.001633
0.000000
0.000000
0.000000
0.000000
0.000000
0.003541
0.000000
0.000000
0.001024
0.000000
0.000000
0.000000
0.000000
0.000000
0.000000
0.000000
0.000000
0.002603
0.000000
0.000000
0.000000
0.000000
0.000000
0.000000
0.000000
0.000000
0.000000
0.000000
0.000000
0.000000
0.000000
0.000000
0.003259
0.000000
0.000000
0.000000
0.000000
0.000000
0.002104
0.000000
0.001642
0.003049
0.001403
0.000000
0.000000
0.000000
0.000000
0.000000
0.000000
0.002021
0.000000
0.000000
0.000000
0.000000
0.002252
0.000000
0.000000
0.000000
0.000000
0.005215
0.002891
0.000000
0.000000
0.000000
0.000000
0.000000
0.000000
0.000000
0.000000
0.000000
0.000000
0.000000
0.000000
0.002355
0.002043
0.000000
0.000000
0.000000
0.003275
0.005593
0.000000
0.004394
0.000000
0.000000
0.000000
0.000000
0.000000
0.004868
0.000000
0.001286
0.000000
0.000000
0.000000
0.000000
0.000000
0.000000
0.000000
0.002119
0.000000
0.001378
0.000000
0.002194
0.000000
0.000000
0.000000
0.000000
0.000000
0.000000
0.000000
0.000000
0.000000
0.000000
0.003197
0.002649
0.001934
0.000000
0.000000
0.000000
0.000000
0.000000
0.000000
0.000000
0.002476
0.000000
0.000000
0.003168
0.000000
0.003467
0.000000
0.000000
0.002821
0.002766
0.000000
0.000000
0.000000
0.000000
0.002155
0.000000
0.000000
0.002481
0.000000
0.000000
0.000000
0.000000
0.000000
0.000000
0.000000
0.000000
0.000000
0.000000
0.000000
0.000000
0.004570
0.004695
0.000000
0.004592
0.000000
0.000000
0.001728
0.000000
0.000000
0.000000
0.000000
0.000000
0.002140
0.000000
0.000000
0.003894
0.000000
0.002085
0.000000
0.000000
0.002867
0.000000
0.000000
0.000000
0.000000
0.000000
0.000000
0.000000
0.002398
0.000000
0.002858
0.000000
0.000000
0.000000
0.000000
0.000000
0.000000
0.000000
0.005850
0.000000
0.001503
0.001688
0.000000
0.000000
0.000000
0.002389
0.000000
0.000000
0.000000
0.000000
0.000000
0.000000
0.000000
0.000000
0.001503
0.000000
0.000000
0.000000
0.000000
0.000000
0.001368
0.000000
0.000000
0.000000
0.002673
0.000000
0.000000
0.000000
0.000000
0.000000
0.003435
0.000000
0.004422
0.001418
0.000000
0.000000
0.003422
0.000000
0.000000
0.000000
0.000000
0.000000
0.000000
0.000000
0.000000
0.000000
0.000000
0.000000
0.002027
0.001595
0.000000
0.000000
0.001841
0.000000
0.000000
0.003628
0.000000
0.000000
0.000000
0.002367
0.000000
0.000000
0.005238
0.003131
0.000000
0.004716
0.003331
0.000000
0.003024
0.001011
0.000000
0.000000
0.000000
0.000000
0.000000
0.000000
0.000000
0.002061
0.000000
0.000000
0.000000
0.000000
0.000000
0.000000
0.000000
0.000000
0.001988
0.000000
0.000000
0.000000
0.002550
0.000000
0.001341
0.003045
0.003575
0.004731
0.000000
0.003210
0.003071
0.006429
0.000000
0.000000
0.000000
0.000000
0.002394
0.002462
0.000000
0.003097
0.000000
0.000000
0.000000
0.000000
0.003107
0.000000
0.003766
0.000000
0.000000
0.000928
0.000000
0.000000
0.000000
0.000000
0.000000
0.001559
0.000000
0.003001
0.000000
0.000000
0.000000
0.000000
0.000000
0.000000
0.000000
0.000000
0.000000
0.000000
0.000000
0.001803
0.000000
0.000000
0.000000
0.000853
0.000000
0.000000
0.000000
0.000000
0.003859
0.000000
0.000000
0.003330
0.000000
0.000000
0.003858
0.000000
0.005512
0.000000
0.000000
0.004805
0.000000
0.000000
0.000000
0.001915
0.002298
0.001136
0.000000
0.000000
0.000000
0.002557
0.000000
0.000000
0.000000
0.001735
0.000000
0.000000
0.000000
0.001848
0.000000
0.002312
0.001510
0.002054
0.001770
0.001560
0.000000
0.000000
0.000000
0.003048
0.000000
0.000000
0.000000
0.000000
0.000000
0.000000
0.000000
0.000000
0.002682
0.003244
0.000000
0.000000
0.000000
0.002688
0.000000
0.000000
0.000000
0.000000
0.000000
0.000000
0.000000
0.001605
0.000000
0.000000
0.000000
0.000000
0.001198
0.000000
0.000000
0.000000
0.000000
0.000000
0.000000
0.001938
0.001379
0.001085
0.000000
0.000000
0.000000
0.000000
0.000000
0.000000
0.000000
0.000000
0.000000
0.000000
0.000000
0.000000
0.002513
0.000000
0.000000
0.000000
0.001748
0.002481
0.000000
0.000000
0.002798
0.000000
0.000000
0.000000
0.000000
0.000000
0.002903
0.000000
0.000000
0.004503
0.000000
0.002182
0.000000
0.000000
0.002428
0.000000
0.000000
0.000000
0.002030
0.003342
0.000000
0.001746
0.001371
0.001646
0.000000
0.000000
0.000000
0.002945
0.000000
0.000000
0.000000
0.000000
0.000000
0.001569
0.000000
0.000000
0.000000
0.000000
0.004121
0.000000
0.002839
0.000000
0.002050
0.002266
0.000000
0.000000
0.003397
0.002731
0.000000
0.000000
0.000000
0.000000
0.005083
0.000000
0.002432
0.000000
0.000000
0.000000
0.000000
0.003035
0.000000
0.006254
0.000000
0.000000
0.000000
0.001962
0.000000
0.002221
0.000000
0.000000
0.000000
0.000000
0.000000
0.000000
0.000000
0.003975
0.000000
0.001881
0.003018
0.000000
0.000000
0.000000
0.005288
0.000000
0.000000
0.000000
0.000000
0.000000
0.004999
0.000000
0.001582
0.000000
0.000000
0.000000
0.000000
0.000000
0.000000
0.000000
0.002150
0.004286
0.000000
0.000000
0.002899
0.000000
0.002650
0.000000
0.000000
0.000000
0.000000
0.000000
0.000000
0.002513
0.000000
0.000000
0.000000
0.000000
0.002356
0.000000
0.000000
0.002066
0.000000
0.002342
0.001723
0.000000
0.001952
0.003004
0.000000
0.000000
0.002457
0.000000
0.000000
0.001477
0.000000
0.004921
0.000000
0.004151
0.000000
0.002915
0.000000
0.000000
0.000000
0.002598
0.002234
0.000000
0.002630
0.000000
0.001699
0.002697
0.000000
0.000000
0.003277
0.001390
0.002221
0.000000
0.004017
0.000000
0.000000
0.000000
0.000000
0.002799
0.003213
0.001686
0.000000
0.000000
0.000000
0.000000
0.000000
0.004763
0.000000
0.001827
0.000000
0.004032
0.000000
0.000000
0.000000
0.000000
0.003773
0.000000
0.000000
0.000000
0.005196
0.002275
0.000000
0.000000
0.000000
0.000000
0.000000
0.000000
0.002141
0.000000
0.000000
0.000000
0.000000
0.000000
0.001829
0.003629
0.000000
0.000000
0.005117
0.000000
0.000000
0.000000
0.000000
0.001398
0.000000
0.000000
0.000000
0.000000
0.000000
0.000000
0.000000
0.005219
0.000000
0.000000
0.003939
0.001395
0.003094
0.000000
0.003427
0.001045
0.000000
0.001739
0.000000
0.000000
0.000000
0.000000
0.002586
0.000000
0.000000
0.000000
0.000000
0.000000
0.000000
0.000000
0.000000
0.000000
0.000000
0.001823
0.000000
0.000000
0.001790
0.000000
0.000000
0.000000
0.000000
0.000000
0.000000
0.000000
0.000000
0.000000
0.002355
0.000000
0.000000
0.003465
0.000000
0.000000
0.000000
0.000000
0.000000
0.000000
0.000000
0.000000
0.004884
0.000000
0.005092
0.004595
0.000000
0.000000
0.000000
0.004451
0.003988
0.002163
0.000000
0.002843
0.004338
0.001968
0.002737
0.005496
0.000000
0.000000
0.002966
0.002450
0.001819
0.000000
0.000000
0.004477
0.000000
0.000000
0.003855
0.003032
0.000000
0.000000
0.000000
0.004159
0.000000
0.000000
0.000000
0.000000
0.000000
0.000000
0.001789
0.000000
0.000000
0.000000
0.000000
0.002257
0.000000
0.000000
0.000000
0.000000
